#main.py --operation=newGraph --graphtype=ba --numNodes=500 numEdges=4
# GMT Tue Jan  1 15:56:03 2019
# 
0 4 6 9 10 11 12 13 15 16 21 28 33 34 51 78 88 95 98 106 120 144 148 152 161 167 178 192 227 239 257 267 273 299 307 312 328 356 360 377 390 401 403 479 488
1 4 5 9 12 17 18 24 29 31 36 37 43 50 53 61 64 66 70 80 84 109 116 158 159 163 165 169 170 177 182 187 193 200 268 269 276 280 308 329 334 339 444 449 479 498
2 4 5 6 7 8 9 13 15 16 23 27 28 45 49 54 57 60 67 74 75 81 87 88 101 111 124 155 158 177 208 215 221 236 252 255 260 264 279 291 346 357 361 375 397 407 462 466 485
3 4 5 7 10 11 38 39 70 108 133 218 230 331 395 484 487 494
4 5 6 8 9 10 14 22 26 28 29 57 58 62 69 73 76 77 109 112 117 128 129 131 137 138 147 159 162 164 165 171 225 240 246 266 280 284 289 293 351 364 375 392 411 430 440
5 6 7 8 11 13 17 19 20 21 24 26 34 38 39 42 49 72 74 98 105 126 141 147 165 166 181 182 187 216 222 261 274 275 278 280 285 288 304 314 359 368 371 382 460 483 489
6 7 18 20 23 33 38 42 44 49 59 60 76 111 124 128 130 150 172 175 202 208 214 242 246 280 282 292 303 310 332 342 350 430 436 477 480
7 8 10 11 14 17 24 33 36 37 40 44 45 47 48 56 58 62 73 96 103 105 120 122 139 143 167 168 213 219 231 257 319 328 340 374 379 388 390 417 419 432 442 473 486 495
8 12 15 16 17 18 20 30 32 35 36 37 43 46 51 58 60 66 67 69 70 72 77 80 81 82 83 86 89 90 94 99 105 130 132 134 140 151 161 174 194 197 203 209 224 225 239 250 256 262 263 267 270 273 282 287 288 293 295 298 307 322 326 344 381 385 405 407 416 418 421 425 454 460 476 497
9 12 14 21 29 31 40 50 52 69 74 76 84 90 91 99 123 125 127 130 131 147 148 153 190 203 212 235 265 297 311 319 336 340 384 399 425 477 488 491
10 19 20 21 25 46 65 75 92 100 113 136 142 206 231 232 329 330 331 408 421 435 467 470 499
11 14 35 50 123 143 188 196 206 222 237 244 260 293 305 318 367 372 413 427 433
12 13 15 22 91 105 108 117 134 169 189 194 203 228 250 253 271 315 338 339 360 373 388 445 464
13 19 95 148 149 172 199 234 257 302
14 16 22 25 27 30 55 86 138 232 246 313
15 45 46 59 62 72 87 94 96 114 131 132 142 149 192 205 216 292 321 325 326 335 380 399 415 418 423 432 436 489
16 51 114 117 118 136 142 174 243 325
17 18 25 27 33 36 51 56 80 89 90 94 111 122 153 217 252 283 368 425 435 459 484
18 19 34 45 48 93 102 121 156 157 189 244 262 327 352 355 370 382 412 429 468 473
19 22 28 41 44 59 63 79 91 101 136 163 183 192 210 215 245 286 292 298 303 313 317 345 377 384 406 486 492
20 38 41 53 145 164 324 426 428 447 458 463
21 23 24 49 50 55 67 85 123 159 160 175 180 193 259 266 275 288 306 333 350 366 386 390 394 409 410 458
22 23 25 29 34 55 65 84 102 126 145 170 211 217 242 256 376 395 399
23 35 48 52 56 73 118 119 146 180 190 195 214 223 309 341 353 417 427 428 452 483
24 26 27 30 31 52 53 97 114 118 120 134 140 184 207 271 278 353 369
25 26 30 31 32 40 41 43 54 73 83 121 151 154 205 209 241 287 355 367 389
26 66 67 76 176 181 253 266 415 420 475
27 39 41 42 47 48 52 71 82 101 196 259 265 318 376 403
28 53 61 79 84 200 224 333 338 376 461 473 495
29 44 47 59 65 112 133 152 166 175 206 224 247 272 318 342 374 389 397 398 422 473 485 487
30 32 35 43 99 112 173 222 320 324 358
31 32 72 95 108 129 181 193 285 381 440
32 107 121 150 326 367 432
33 37 54 85 93 172 198 217 254 277 360 364 403 421
34 42 62 98 223 236 256 260 273 323
35 40 46 68 71 93 103 107 135 178 179 185 186 195 199 211 227 237 264 283 295 300 305 308 309 347 366 376 414 464
36 60 109 127 170 201 248 264 439 498
37 63 69 88 106 163 261 324 345 398 418 446 463
38 39 56 57 87 96 97 153 197 268 346 386 403 444 446 465 481 485
39 137 149 270 334 444
40 77 113 185 187 194 270 348 389 435 470
41 87 272
42 68 71 75 85 103 104 107 115 178 236 291 298 327 364 366 372 391 444 494
43 47 58 78 136 284
44 140 182 221 456
45 57 97 157 165 220 223 228 231 248 282 292 297 337 370 413 414 439 453
46 68 83 113 122 176 179 184 189 254 297 302 323 356 375 426 447 468
47 54 65 109 129 133 135 160 168 233 253 312
48 61 114 119 249 320 478
49 101 141 150 469 476
50 61 64 71 110 117 166 196 293 406
51 70 79 118 227 255 320 356 373 493
52 55 63 78 106 108 116 133 142 143 157 196 218 253 261 274 278 287 374 378 410 447 470 496
53 120 162 199 332
54 100 104 126 146 214 305
55 66 79 92 137 210 309 424 464
56 75 80 138 190 200 211
57 74 104 162 192 237 311 314 330 344 350 476
58 81 88 92 110 132 151 207 258 344 362
59 63 64 94 100 338 428 488
60 64 125 130 176 206 219 257 316 341 342 346 423 460 492
61 353 392 402 423 453
62 93 100 102 150 159 160 204 284 338 434
63 77 115 139 269
64 90 96 112 119 129 131 135 149 430
65 68 82 124 173 204 250 396 450
66 102 215 316
67 78 86 126 226 332 368
68 245 325 411 438 458 474
69 103 138 230 299 339 424
70 194 263 354 463
71 155 220 439
72 83 85 123 148 315
73 422 480
74 170 452
75 89 98 158 163 167 216 258 407
76 86 92 97 104 107 172 204 205 219 230 289 318 324 401
77 81 266 285 360 443
78 209 304 344 385 424 445 476
79 89 106 116 119 121 125 127 135 141 184 187 191 213 242 255 310 322 337 359 442
80 82 183
81 99 191 307 443 490
82 111 144 147 174 258 348
83 110 154 171 218 235 249 275 276 303 308 319 333 400 401 431
84 91 113 282 285 322
85 181 419
86 116 122 137 249 354 422 441
87 178 198 226 283
88 345 347
89 231 248 375 416
90 378 431
91 95 164 238 396 436 491
92 321 447
93 132 140 154 160
94 202 247
95 174 202 394
96 220 259 358 365 370 381
97 387
98 294
99 110 139 145 263 268 317 408
100 124 185 243 332 404 451
101
102 185 207 277 301 310 365 449
103 128 146 155
104 448
105 151 202 299 469
106 156 157 494
107 127 212 245 258 265 353 425 457
108 115 173 341 455
109 115 125 139 161 199 235 251 252 306 319 449 490 491
110 169 243 259 263 359 492
111 238
112 204 256 303 362 371 404 419
113 156 380
114
115
116 286
117 198 277 290 295
118 144 161 162 166 177 211 290 313 316 355 387 472
119 134 154 156 195 271 391 455
120 180 220 350 445
121 413
122 143 386
123 141 188 209 295 361 420
124 203 215 240 361 422
125 145 153 274 296 381 493
126 168 195 239 374 475
127 128 331 380
128 383 456 499
129 301 306 343 438
130 193 239 322 420 497
131
132 152 235 236 433 441
133 410
134 144 167 180 182 254 262 342 379 382 383 471
135 296
136 171 232
137 221 442
138 158 216 279 384 466
139 177 495
140 188 201 208 351 408 438 446 467 486
141 229 244 329 450
142 352
143 146 169 291 317 356 434 479
144 152 179 242 346 348 395
145 155 164 232 334
146 186 225 241 289
147 184 393
148 327
149 171 176 213 267
150 362
151 448
152 493
153 388 393 454 482
154 175 245 267 315 351 465
155 213 278 435
156 188 234 314 335
157
158 238 413 437 441
159 179 183 404
160
161 224 279 281 349
162 168 251
163 197 227 273 300
164
165 221
166
167 190 270 289 365 405 450
168 173 304 369 462
169 197 436 443 477
170 186
171 217 456
172 191 367 400
173 243 247 248 260 298 323 428
174
175 186 237 483
176 200 201 226 229 294 333 340 369
177 228 345
178 191 233 352 366 407 480
179 189 198 408
180 183 226 238 251 288 302 343 417 448 487
181 247
182 483
183 230
184 269 406 454 499
185 219 223 250 255 388 391 429 465
186 208
187 420
188
189 271
190 302
191 201
192 210 240
193 246 287 361
194 207 214 369 405 415 468 497
195 329 454
196 205 481
197 212 233 325 434
198 240 341
199 291 493
200
201 218 337 347
202 306 308 368
203 222 475
204
205 286 427
206 281 453
207 464
208 210 212 225 241 296 452
209 281 309 386 466
210 228 233 276 378 402 469
211 269 349
212 229 305 336 461 474
213 244 310 330
214 272 296 372 489
215 262 412
216
217 340 358 448
218 331 358 477
219 312 328
220
221 229 301 323
222 274 451 471
223 234
224 234 281 300
225 409
226 411
227 316
228 312 405 424
229 363 394 459
230 251 254 321 348
231 241 252 307 363
232 304
233 249 392 412 416 432
234 265 279 297 355 378 414 459 497
235 354 485
236 379
237 357 462
238 352 385
239 286 334
240 363 372 373 431 434 437
241 261 343 462
242 301 443
243 417 418
244 351
245 343 474 496
246 377 404 438
247 290 396
248 384
249 264 275 326 440
250 299
251
252 294 313
253 276 379 393
254 290 294
255 339 364 496
256 402 406 453 478
257 335
258 327
259
260 415 472
261 382
262 268 320
263 317 328 380 402
264 272 284 311 314 416
265 385 400 455
266 371
267 363
268 393
269 499
270
271 330 370
272
273 472
274 277 336 437 451
275
276
277
278 390 431
279
280 283 387 467
281 321
282 421 496
283 392
284 461
285 300 311
286 457
287
288
289
290 397
291
292 426 482 492
293 347
294
295
296 377 437 491
297 359 389
298 315 498
299 399 449
300
301 414
302
303 451 468 498
304 336 354
305 391
306 409 479
307 357 433
308 335
309
310 349
311 467
312 394 396 457 487
313
314 445
315
316
317 337
318 349
319
320
321 474
322
323 401 412
324 371
325
326 387
327 365
328
329
330
331 469
332
333 409 410
334
335
336 488
337
338
339
340 400 478
341
342 486
343
344
345 471
346
347
348 357 395 398 426
349
350
351
352 439
353 490
354
355
356 430
357
358 383 465
359
360
361 362 383 397 470 481 490
362
363
364
365 373
366
367
368
369
370 472
371
372
373 429
374
375 480
376
377
378
379
380
381
382
383 484
384 460
385
386
387
388
389 441
390 442
391
392 452
393
394 419
395 398 433
396
397
398
399 423 440
400
401
402
403
404
405
406 481 482
407 450
408
409 411
410
411 459 495
412 482
413
414
415
416 429
417
418
419
420
421
422
423 427
424 455 484
425 475 478
426
427 457
428
429
430 494
431
432
433
434
435
436
437
438
439 463
440
441 446
442
443 466
444
445
446 458
447
448
449 456
450
451
452
453 461
454
455
456
457
458
459
460 471
461
462
463
464
465
466
467
468
469
470
471
472
473
474
475
476
477
478
479
480
481
482
483
484
485 489
486
487
488
489
490
491
492
493
494
495
496
497
498
499
